-379 439 78
-383 439 78
-496 367 86
-517 369 89
-518 369 89
-564 340 83
-657 328 82
-731 375 81
-797 420 88
-802 420 88
-806 448 102
-822 428 102
-806 457 101
-797 420 88
-754 384 82
-718 334 80
-655 304 80
-651 240 83
-646 143 83
-670 74 85
-676 13 103
-660 -21 107
-659 -22 107
-659 -22 106
-659 -22 106
-661 -24 107
-698 -68 100
-760 -101 119
-801 -137 138
-839 -115 145
-843 -42 154
-824 -18 149
-826 9 136
-831 1 138
-826 -54 141
-855 -78 131
-893 -69 122
-922 -60 116
-947 -59 120
-937 -63 116
-946 -59 120
-946 -60 120
-959 -64 123
-999 -110 122
-984 -147 116
-990 -170 111
-1015 -145 118
-991 -225 106
-1009 -295 108
-1035 -361 106
-1098 -340 113
-1099 -341 113
-1100 -343 112
-1069 -349 112
-1024 -362 102
-1015 -353 102
-1038 -360 107
-1061 -353 111
-1083 -346 112
-1061 -352 111
-1101 -343 112
-1061 -353 111
-1060 -353 111
-1061 -353 111
-1060 -353 111
-1060 -353 111
-1060 -353 111
-1065 -351 112
-1074 -349 113
-1061 -353 111
-1024 -373 102
-980 -432 102
-927 -463 96
-842 -448 86
-839 -447 86
-839 -447 86
-839 -447 86
